STATION = 21
RUN = 240336
RUN-START-TIME =  1722701576.303723835
LIBRNO-G-GIT-HASH = bb0c329
RNO-G-ICE-SOFTWARE-GIT-HASH = f502a69
FREE-SPACE-MB-OUTPUT-PARTITION = 63023.058594
FREE-SPACE-MB-RUNFILE-PARTITION = 1081.281250
RADIANT-FWVER = 00.06.00
RADIANT-FWDATE = 2024-04.02
RADIANT-BM-FWVER = 00.02.19
RADIANT-BM-FWDATE = 2023-09.13
RADIANT-SAMPLERATE = 2400
FLOWER-FWVER = 00.00.08
FLOWER-FWDATE = 2022-09.22
TOTAL-NUMBER-OF-EVENTS-WRITTEN = 18424
RUN-END-TIME = 1722708839.957210545
